.Random.seed <-
c(403L, 10L, 1680881728L, 345923843L, -898282207L, 1677319696L, 
481242606L, -189554279L, -518164949L, -958449894L, -1962865188L, 
1848013791L, 522089397L, 172199244L, -123212894L, 735658749L, 
224500727L, -1350712034L, -200529960L, -932234949L, 81432281L, 
-1700224408L, -1573747818L, -148887791L, 1398341827L, -1817993006L, 
1909622116L, -1822213977L, 1994657277L, -783011852L, -1446881062L, 
1007393317L, 1308456767L, -1616726842L, -46667440L, -478619277L, 
-824024175L, -1034684992L, 1723674526L, -1308847767L, -429203045L, 
-1620028246L, 732091084L, 494836623L, -1687986235L, 1460863868L, 
-660145198L, 902282061L, 159123975L, -93529618L, -1520782136L, 
78355403L, 989744681L, -257653640L, -1350942298L, 534225857L, 
1197461587L, -124037374L, 941761076L, -230877257L, -532068435L, 
-1175948092L, 1778579690L, -2094227627L, 1659105519L, -1082247434L, 
2016027168L, -841996317L, 839568513L, -1754854672L, -1949253234L, 
-101699847L, -1008411509L, -813022022L, 92135356L, -310076161L, 
-194777003L, 56992620L, -764044350L, 1530186781L, 115387543L, 
-568980994L, 347523512L, 977192347L, -150836231L, 2018833224L, 
-1153966474L, 2054969265L, 103852515L, -919929166L, 913519364L, 
-1613221817L, 1925175069L, -401068652L, -94056134L, 1247686021L, 
982722143L, 1713967334L, 1206145904L, 1434285203L, 1678897457L, 
314005472L, 843832446L, 632966921L, 1361908027L, -1878821622L, 
1519348972L, 138336623L, 69426853L, -46878628L, -469293006L, 
1132060461L, -743526937L, -1457655538L, 1825314536L, -519816981L, 
-1796785783L, -1787311848L, 1468226630L, 126477473L, -55669965L, 
918909602L, 242600340L, 1335023639L, 292077581L, -1779235548L, 
-358268662L, -543426443L, -588491825L, 990897366L, 45708416L, 
-1408660797L, -519252895L, -1321429808L, 1994049070L, -815384615L, 
154228715L, 1168248410L, 657983516L, 1333531935L, 228038005L, 
-1808620532L, 1203758562L, -1723443523L, 680882487L, -887368226L, 
-831386856L, 607912571L, 1777414169L, -427890520L, -1133196714L, 
1775875793L, 894711427L, 1783754002L, 765229220L, 1703393383L, 
-512820803L, -20901068L, -1686505318L, 656793317L, -679102337L, 
2009788934L, -2107941488L, -881721293L, 46297041L, -512694912L, 
830597214L, -1562851415L, 811138651L, 656433770L, -1931391220L, 
-1826625201L, 394908165L, 1388085436L, -716985966L, 273334925L, 
1595502791L, -1894709842L, 175640584L, -1803680757L, -574111511L, 
476364728L, -305129370L, -1268823807L, -2056454253L, 336433218L, 
490821620L, 513671671L, 550176237L, -675395964L, 1264662698L, 
1003324949L, 414014127L, -1661202250L, 1117556448L, 451777059L, 
196427073L, 1226539056L, -1594058162L, 552328889L, 1383377611L, 
1273785210L, -976315780L, 897068735L, 1495308181L, 819285932L, 
706121090L, -671706275L, 1229078103L, 867786046L, 562244984L, 
1511407195L, -1196402247L, -1055724536L, 1334605494L, 1123059185L, 
243571747L, 891221106L, -424433980L, 1114144903L, -1460206499L, 
-1282430380L, 156631162L, -664042555L, -979815137L, -780430170L, 
-2059393488L, 777092307L, -913788175L, 1840652156L, -1708022064L, 
-481871198L, -1106299864L, 1503338764L, 1905056700L, -1712607950L, 
927729600L, -1593162188L, -1092594744L, 2006117562L, -1460330608L, 
-665255444L, -1165728684L, 1455790738L, 1102662432L, -122852916L, 
223413216L, 1651101378L, 340174376L, -306659668L, 438333116L, 
169087474L, 2003587376L, 701388964L, 776723128L, 1379043162L, 
656547216L, -1636831876L, -117782252L, 408966466L, 1790702336L, 
-700496964L, 1811592016L, -89207518L, 799193416L, 2095721484L, 
781870172L, -475036462L, 201798656L, 499627860L, -1635436056L, 
-1540193286L, -1226825008L, -1578160852L, -1681586956L, 1816200082L, 
395727968L, -1791817460L, -55524640L, 322309474L, 230655656L, 
-1163551156L, -2075122820L, 98496306L, 814434928L, 660619588L, 
1637087192L, -1447996294L, 140511792L, 1841968828L, 1723447124L, 
20366914L, 1514543008L, 66593980L, 217686480L, 1262858594L, 1702948840L, 
-1608870964L, 1233889020L, -941177870L, 642231424L, 688687348L, 
469082248L, -1992212166L, -212554928L, -118128532L, -409961324L, 
569869650L, 594463456L, 1125764300L, -1126943584L, -1335249534L, 
-344709912L, -332659476L, -1519044548L, 18426994L, 230366320L, 
964489764L, 1532806712L, 1026875930L, 136400080L, -1673400772L, 
-1134929772L, 1669809282L, -1105935424L, 371878204L, -1189917040L, 
1729565730L, -1601863672L, 242361484L, -642753508L, 940957842L, 
293854336L, 1024740372L, -370436312L, 1248346170L, 1164482768L, 
-1328902036L, -1996093772L, -1013920750L, 1056416736L, 2140222412L, 
428939744L, -1450366942L, 1862249768L, 392786188L, -744730052L, 
-1015060238L, -928453392L, 1401241412L, -69968808L, 632499770L, 
1637234928L, -682998084L, 84943380L, -74779454L, -927253920L, 
978334076L, 72871120L, -483250142L, 1241715880L, 1384853900L, 
548798908L, 2042924082L, -800149696L, 511101620L, -1326920376L, 
1216394938L, 689060624L, 702630124L, 1575398484L, 2100019986L, 
418835872L, -468576308L, -797611168L, 1182788802L, 202285608L, 
-360571476L, -196238532L, 2119331698L, -205447376L, 365853732L, 
-1259924936L, -27736358L, 1490658192L, -886320900L, -1743722092L, 
-1856128190L, -660344320L, -246123460L, 60074576L, 251729058L, 
1446635336L, 1665115660L, 1096849116L, 748429394L, -656568192L, 
-1541835948L, 1814533096L, 1314591482L, -383496368L, -702722004L, 
-1237790348L, 767388306L, 1796067936L, 333184140L, 1253944672L, 
-94273310L, -1275012952L, -1623342388L, 443237884L, -2009196622L, 
-2075414544L, 1574944196L, -54310568L, 959262074L, 457432496L, 
1058773436L, -1011733932L, 769207746L, 1781893920L, 985099196L, 
-657623984L, 1775605730L, -1968776344L, -321493172L, -744170756L, 
1715819250L, -550276864L, -1311959948L, -815285752L, 1944674746L, 
-759924272L, 535565292L, 483678100L, 783852754L, -222654368L, 
899135820L, -1221861600L, -305372542L, 1721905640L, 1274495980L, 
-700350916L, 1070010994L, -2085464208L, -1443888860L, -1946943944L, 
-1094668902L, 763237840L, 1589801404L, 470751892L, -221170046L, 
2013657536L, -211067076L, -128432496L, -1419066590L, -1806601388L, 
-1317690014L, 655848951L, -87679423L, -1238050106L, 1011903492L, 
1177054133L, 1258603679L, 1133359352L, -1061304106L, -1570119325L, 
-1808061147L, 490175170L, -1206224976L, -1129206823L, 258311499L, 
168977340L, 471591914L, -173069281L, 857926313L, 1527045694L, 
1754026796L, -1014940291L, 471503815L, -1473166672L, 310395086L, 
-345859589L, 830257757L, 662279562L, -1476186712L, -333622511L, 
850338307L, 662467844L, 189780274L, 705085319L, 229952977L, -1050493098L, 
1903549748L, 1114567749L, 1956387983L, -1726825976L, -197732826L, 
942165715L, -926236619L, 539348882L, -538349728L, -1311434039L, 
1476767227L, 989690316L, -1984417702L, -720802481L, 738108441L, 
808577582L, -1424717764L, -583451219L, 1717845591L, -995881056L, 
1558179070L, 2126598091L, 1789159885L, -1063883526L, 1144692536L, 
-1396790047L, 713416595L, -1663798348L, 2144516290L, -1869087529L, 
1076181281L, 1366036710L, 1076049380L, 1080062229L, 1447725375L, 
-80423720L, 81542390L, 2106279683L, -1941438395L, 138879074L, 
-1975785520L, -1670447879L, 1510176299L, -699399780L, -575315510L, 
1758511807L, -2129513463L, 106120478L, -636630836L, -250299235L, 
911647015L, -1390326960L, 320681454L, -835423589L, 983856381L, 
905714666L, -957801336L, -628030927L, -5270365L, -1292183388L, 
-2042468014L, -2065951577L, -1886990095L, -1228412874L, -104654636L, 
-1165398939L, 157902447L, -25679704L, -1140771322L, -1960798413L, 
499585941L, 1344808946L, -1023302592L, 1422892457L, 717337627L, 
-1608879636L, 1200687610L, 645770799L, 1486928441L, -1157393330L, 
-2144772964L, 304942605L, -1424657801L, -1796849024L, -653428514L, 
-1342663765L, 1077615789L, 681124122L, 442897880L, 1221480001L, 
-1921235725L, -1550298348L, 1938055842L, 992762807L, 700053377L, 
-153453178L, 1326305220L, -1315679499L, -1624160417L, -1758787144L, 
-271961962L, -498100573L, 16627813L, -1324888702L, 130690800L, 
